ZCTA5,pcp,X1,NAME,Total,PopUnd5,Pop5to17,Pop18to29,Pop30to44,Pop45to54,Pop55to64,Pop65to74,Pop75to84,Pop85Over,Pop16Over,Pct16Over,Pop65Over,Pct65Over,POPBLK,POPASN,POPLAT,POPCLR,POPWHT,PCTBLK,PCTASN,PCTLAT,PCTCLR,PCTWHT,WKTRANSTOT,WKTRANS,PCTTRANS,WKTWU,PCTTWU,EDTOT,NOHS,HSON,HSPL,PCTNOHS,PCTHSON,PCTHSPL,POPBPOVTOT,POPBPOV,PCTBPOV,POPDISABTOT,POPDISAB,PCTDISAB,HHSNAPTOT,HHSNAP,PCTSNAP,WPARTTOT,WPART,PCTWPART,HUOVERTOT,HUOVER,PCTOVER,HUDWTOTAL,HU2PL,HU10PL,PCT2PL,PCT10PL,HHVEHTOT,HHNOVEH,PCTNOVEH,HHRNTOC,PCTRNTOC,HUPLMTOTAL,HUNOPLM,PCTNOPLM,HHOVERTOTAL,HHOVER30,PCTOVER30,POPGQ,POPHITOTAL,POPNOHI,PCTNOHI,HHCMPTOTAL,HHNOCMP,PCTNOCMP,HHNOLAP,PCTNOLAP,HHPHON,PCTPHON,HUINTTOTAL,HUNOINT,PCTNOINT,HHLTDENGTOT,HHLTDENG,PCTLTDENG,WORKERS,WCONMAN,PCTWCONMAN,WFOOD,PCTWFOOD,WHEALTH,PCTWHEALTH,WPROT,PCTWPROT,WSOCIAL,PCTWSOCIAL,WTRANS,PCTWTRANS,WESSEN,PCTWESSEN,PCTGQ,Pop18Over,RMAXPCT,RMAXCAT
60601,NO,6653,ZCTA5 60601,15083,426,454,5207,3769,1815,1303,1311,699,99,14249.3333333333,94.4728060288625,2109,13.9826294503746,638,2859,1224,5144,9939,4.22992773320957,18.9551150301664,8.11509646622025,34.1046210965988,65.8953789034012,9523,1793,18.828100388533,676,7.09860338128741,12027,0,377,11650,0,0.0313461378564896,0.96865386214351,14448,1368,9.46843853820598,15057,985,6.54180779703792,8941,0,0,12233,1458,11.9185808877626,8941,167,1.86780002236886,10748,10456,10404,97.2832154819501,96.7994045403796,8941,4116,46.035119114193,5959,66.6480259478806,556,14,2.51798561151079,8941,3638,1.44279163404541,0,15057,441,2.92887029288703,8941,305,3.4112515378593,637,7.12448272005368,130,1.45397606531708,8941,270,3.01979644335086,8941,317,3.54546471311934,9550,205,2.14659685863874,39,0.408376963350785,692,7.24607329842932,0,0,101,1.05759162303665,260,2.72251308900524,1297,13.5811518324607,0,14203,65.8953789034012,WHITE
60606,NO,6724,ZCTA5 60606,3287,75,44,660,1268,469,393,336,42,0,3168,96.379677517493107,378,11.49984788561,58,667,188,1081,2206,1.76452692424703,20.2920596288409,5.71950106480073,32.8871311226042,67.1128688773958,2746,499,18.1718863801894,96,3.49599417334304,2991,22,62,2907,0.00735539953192912,0.0207288532263457,0.971915747241725,3287,265,8.06206267112869,3287,124,3.77243687252814,2201,17,0.772376192639709,2790,301,10.7885304659498,2201,88,3.99818264425261,2689,2672,2633,99.3677947192265,97.9174414280402,2201,877,39.8455247614721,1216,55.2476147205816,92,6,6.52173913043478,2201,505,4.40708768741481,0,3287,136,4.13751140857925,2201,0,0,164,7.45115856428896,59,2.68059972739664,2201,0,0,2201,40,1.81735574738755,2746,0,0,24,0.873998543335761,170,6.19082301529497,37,1.34741442097597,0,0,47,1.7115804806992,278,10.1238164603059,0,3168,67.1128688773958,WHITE
60607,NO,7164,ZCTA5 60607,29293,1317,1824,11280,8833,2454,2041,893,487,164,26232.6666666667,89.5526803900818,1544,5.2708838289011,4168,6304,2151,13574,15719,14.2286553101424,21.520499778104,7.3430512409108,46.3387157341344,53.6612842658656,17628,4533,25.71477195371,445,2.52439301111867,19765,685,1493,17587,0.0346572223627625,0.0755375664052618,0.889805211231976,26439,5417,20.4886720375203,29022,1882,6.48473571773138,12755,845,6.62485299882399,24776,4749,19.1677429770746,12755,320,2.50882007056056,14527,12865,9818,88.5592345288084,67.5844978316239,12755,3625,28.4202273618189,7423,58.1967855742846,330,0,0,12755,4469,3.34770678165425,0,29022,1170,4.03142443663428,12755,485,3.80243041944336,840,6.58565268522148,204,1.59937279498236,12755,608,4.76675813406507,12755,305,2.39121912975304,17853,659,3.69125637147818,656,3.67445247297373,1693,9.483000056013,351,1.966056125021,240,1.34431188035624,298,1.66918725144233,3897,21.8282641572845,0,26152,53.6612842658656,WHITE
60610,NO,18231,ZCTA5 60610,40548,1670,2046,11990,10708,3609,3988,4181,1782,574,37031.6666666667,91.3279734306665,6537,16.121633619414,5880,3532,2526,13080,27468,14.5013317549571,8.71066390450824,6.22965374371116,32.258064516129,67.741935483871,26623,9727,36.5360778274424,1083,4.06791120459753,32999,958,2396,29645,0.029031182763114,0.0726082608563896,0.898360556380496,38944,3899,10.0118118323747,40206,3339,8.30473063721833,23708,1551,6.5420954951915,30800,4160,13.5064935064935,23708,385,1.62392441370002,27727,25382,22711,91.5425397626862,81.9093302557074,23708,9994,42.1545469883584,14387,60.6841572464991,44,0,0,23708,7685,3.69073730386367,0,40206,1342,3.33781027707307,23708,1088,4.58916821326135,2865,12.0845284292222,1121,4.72836173443563,23708,2038,8.59625442888476,23708,581,2.45064956976548,26999,904,3.34827215822808,952,3.52605652061187,2315,8.57439164413497,178,0.659283677173229,355,1.31486351346346,753,2.78899218489574,5457,20.2118596985074,0,36832,67.741935483871,WHITE
60611,NO,19169,ZCTA5 60611,33224,965,891,7778,8583,3090,4775,4256,2090,796,31429.6666666667,94.5992856569548,7142,21.4965085480376,967,6156,1573,9455,23769,2.91054659282446,18.5287743799663,4.73452925595955,28.4583433662413,71.5416566337587,20704,4068,19.6483771251932,543,2.62268160741886,28418,257,1151,27010,0.00904356393834893,0.0405024984164966,0.950453937645155,32762,3497,10.6739515292107,33224,2276,6.8504695400915,21018,305,1.45113712056333,24336,2821,11.5918803418803,21018,285,1.35598058806737,26714,26163,25843,97.9374110953058,96.7395373212548,21018,8960,42.6301265581882,11205,53.3114473308593,1182,4,0.338409475465313,21018,7220,6.28984679798268,100,33224,586,1.76378521550686,21018,401,1.90788847654391,1463,6.96070035207917,407,1.9364354362927,21018,466,2.21714720715577,21018,663,3.15443905224094,21181,386,1.82238798923564,448,2.1151031584911,2778,13.1155280676078,101,0.476842453141967,208,0.982012180728011,256,1.20863037628063,4177,19.7205042254851,0.300987238141103,31368,71.5416566337587,WHITE
60614,NO,7029,ZCTA5 60614,71954,3738,6377,24583,18124,6715,5688,4252,1787,690,62248.3333333333,86.5112896202203,6729,9.3518080996192,3016,5218,4438,14837,57117,4.1915668343664,7.25185535203046,6.16782944659088,20.6201184089835,79.3798815910165,47114,20860,44.2755868743898,1555,3.30050515770259,51562,1010,2701,47851,0.0195880687327877,0.0523835382646135,0.928028393002599,68396,5614,8.20808234399673,71382,3337,4.67484800089658,33602,1168,3.4759835724064,55809,7384,13.2308409037969,33602,300,0.892803999761919,36375,29069,18131,79.9147766323024,49.8446735395189,33602,10076,29.9863103386703,18514,55.0979108386406,1396,62,4.44126074498567,33602,9470,3.38670317243021,56,71382,1901,2.66313636490992,33602,1590,4.73186119873817,2841,8.45485387774538,650,1.93440866615082,33602,1890,5.62466519850009,33602,597,1.77667995952622,47696,1246,2.61237839651124,1100,2.30627306273063,3341,7.00478027507548,387,0.811388795706139,550,1.15313653136531,713,1.49488426702449,7337,15.3828413284133,0.0778275009033549,61839,79.3798815910165,WHITE
60615,NO,7030,ZCTA5 60615,40590,2054,4165,10400,8705,4413,4442,3739,1940,732,34701,85.4915003695491,6411,15.7945306725795,21960,3448,2220,29442,11148,54.1019955654102,8.49470312884947,5.46932742054693,72.5351071692535,27.4648928307465,20143,6076,30.1643250757087,919,4.56237899021993,28695,1775,3494,23426,0.061857466457571,0.121763373410002,0.816379160132427,40053,9771,24.3951763912816,40554,5577,13.7520343246042,21444,3624,16.899832120873,28623,6019,21.0285434790204,21444,167,0.778772617049058,24195,21435,13685,88.5926844389337,56.5612729902873,21444,7701,35.9121432568551,14910,69.5299384443201,131,0,0,21444,9956,5.46539824659578,0,40554,2825,6.96602061448932,21444,2012,9.3825778772617,4741,22.1087483678418,1878,8.75769445998881,21444,3257,15.1883976869987,21444,710,3.31094944972953,20678,1260,6.09343263371699,706,3.41425669793984,1455,7.03646387464939,487,2.35516007350808,786,3.80114130960441,939,4.5410581294129,5633,27.2415127188316,0,34371,54.1019955654102,BLACK
60617,YES,5787,ZCTA5 60617,83553,5372,16791,14558,13985,10476,9793,6374,4544,1660,62890.3333333333,75.2699883108127,12578,15.0539178724881,46967,220,31048,78619,4934,56.2122245760176,0.263305925580171,37.1596471700597,94.0947661963065,5.90523380369346,31575,8001,25.3396674584323,3782,11.9778305621536,52745,10321,17163,25261,0.195677315385345,0.325395772111101,0.478926912503555,83266,19697,23.6555136550333,83498,11203,13.4170878344391,28792,8688,30.175048624618,51850,7877,15.191899710704,28792,161,0.55918310641845,34492,15005,1326,43.5028412385481,3.84436970891801,28792,6346,22.0408446790775,12943,44.9534592942484,553,4,0.723327305605787,28792,11927,20.5473742706307,0,83498,7112,8.5175692830966,28792,4854,16.8588496804668,11913,41.3760766879689,4862,16.8866351764379,28792,5707,19.8214781883857,28792,2188,7.59933314809669,32341,6235,19.2789338610433,2053,6.34797934510374,3021,9.34108407284871,1619,5.00602949816023,742,2.294301351226,4528,14.000803933088,18198,56.26913206147,0,61390,56.2122245760176,BLACK
60618,NO,5788,ZCTA5 60618,94907,6642,14020,16885,28141,11848,8672,5123,2539,1037,75025,79.0510710485001,8699,9.16581495569347,2408,5757,38208,49314,45593,2.53722064758132,6.06593823427144,40.2583581822205,51.9603401224356,48.0396598775643,54602,16025,29.3487418043295,2896,5.30383502435808,67297,9586,12121,45590,0.142443199548271,0.180112040655601,0.677444759796128,94545,9748,10.3104341847797,94620,6413,6.77763686324244,35358,3257,9.21149386277504,67040,9786,14.5972553699284,35358,121,0.342213926127043,39969,29623,5063,74.1149390777853,12.6673171708074,35358,5765,16.304655240681,18510,52.3502460546411,5476,15,0.273922571219869,35358,12014,6.36065388313819,5,94620,12263,12.9602621010357,35358,2680,7.57961423157419,5824,16.4715198823463,1914,5.41320210419141,35358,4583,12.961705978845,35358,3590,10.1532892131908,55237,7181,13.0003439723374,4616,8.35671741767294,3481,6.30193529699296,857,1.55149627966761,903,1.63477379292865,3505,6.34538443434654,20543,37.1906511939461,0.00526831529813396,74245,48.0396598775643,WHITE
60619,NO,7031,ZCTA5 60619,61207,3861,8876,9612,10794,7702,9904,5421,3350,1687,49140,80.2849347296878,10458,17.0862809809336,58412,145,804,60304,903,95.43352884474,0.236901008054634,1.31357524466156,98.5246785498391,1.47532145016093,24094,6862,28.4801195318337,2711,11.2517639246285,43537,4816,11572,27149,0.110618554333096,0.265796908376783,0.623584537290121,61080,15470,25.3274394237066,61132,11046,18.0690963816005,26521,8827,33.2830587081935,39342,7313,18.58827715927,26521,208,0.78428415218129,32540,19421,3412,59.6834665027658,10.4855562384757,26521,9114,34.3652200143283,15331,57.8070208514008,414,0,0,26521,12265,13.3479129746239,0,61132,5557,9.09016554341425,26521,5209,19.6410391765016,11214,42.2834734738509,3897,14.6940160627427,26521,7924,29.8782097205988,26521,211,0.795595942837751,24576,3440,13.9973958333333,1083,4.40673828125,2702,10.9944661458333,1362,5.5419921875,767,3.12093098958333,2919,11.87744140625,12273,49.93896484375,0,48470,95.43352884474,BLACK
60620,YES,6714,ZCTA5 60620,67711,3914,11445,10807,11625,8427,9518,6266,4187,1522,53333.3333333333,78.7661285955507,11975,17.6854573112197,64588,276,1246,66864,847,95.3877508824268,0.407614715481975,1.84017367931355,98.7490954202419,1.25090457975809,24819,6247,25.1702324831782,3845,15.492163262017,46061,6698,13832,25531,0.145415861574868,0.300297431666703,0.554286706758429,67035,16599,24.7616916536138,67186,11020,16.4022266543625,25323,8091,31.9511906172254,42339,6806,16.0750135808593,25323,126,0.497571377798839,30381,14596,3346,48.0431848852901,11.0134623613443,25323,7197,28.420803222367,13470,53.1927496742092,599,0,0,25323,11572,15.7090392133633,0,67186,5136,7.64444973655226,25323,4655,18.3824981242349,10331,40.7969040003159,3504,13.8372230778344,25323,7286,28.7722623701773,25323,163,0.643683607787387,25298,2751,10.87437742114,1534,6.06372045220966,3211,12.6927029804728,1574,6.2218357182386,542,2.14246185469207,4158,16.4360819037078,13770,54.4311803304609,0,52352,95.3877508824268,BLACK
60622,NO,18232,ZCTA5 60622,53294,3536,4148,14300,20066,4732,3237,1919,929,427,45888.6666666667,86.1047522547879,3275,6.14515705332683,3150,2335,12207,19087,34207,5.91060907419222,4.38135625023455,22.9050174503696,35.8145382219387,64.1854617780613,36561,12801,35.0127184705014,1589,4.34616121003255,42061,2689,4460,34912,0.0639309574189867,0.106036470839971,0.830032571741043,52765,5898,11.1778641144698,52923,2568,4.85233263420441,23810,2004,8.41663166736665,42900,4813,11.2191142191142,23810,88,0.369592608147837,26174,22714,3064,86.7807748147016,11.706273401085,23810,5092,21.3859722805544,14847,62.3561528769425,1680,0,0,23810,6684,2.99454010919782,127,52923,2950,5.57413600891862,23810,1767,7.4212515749685,3191,13.4019319613608,700,2.93994120117598,23810,2128,8.93742125157497,23810,1797,7.5472490550189,36986,2527,6.8323149299735,1989,5.3777104850484,2823,7.63261774725572,359,0.970637538528092,779,2.10620234683394,1204,3.25528578381009,9681,26.1747688314497,0.238300746800766,45610,64.1854617780613,WHITE
60623,YES,6725,ZCTA5 60623,81283,6073,17330,15040,17277,8831,8087,5449,2510,686,59185,72.8135034386034,8645,10.6356802775488,24101,80,54297,78917,2366,29.6507264741705,0.0984215641647085,66.7999458681397,97.0891822398287,2.91081776017125,30867,6966,22.5677908445913,2462,7.97615576505653,49010,18733,14793,15484,0.382228116710875,0.301836359926546,0.315935523362579,80891,24510,30.3000333782497,81086,8550,10.5443603088079,24996,8509,34.041446631461,51828,8303,16.0202979084665,24996,437,1.74827972475596,30324,24723,1125,81.5294815987337,3.70993272655322,24996,7060,28.2445191230597,16622,66.4986397823652,1984,13,0.655241935483871,24996,12945,13.182109137462,5,81086,16389,20.2118738129887,24996,6253,25.0160025604097,13183,52.7404384701552,4226,16.9067050728117,24996,7484,29.9407905264842,24996,5690,22.7636421827492,31224,9959,31.8953369203177,2675,8.56712785037151,2136,6.84089162182936,742,2.37637714578529,575,1.84153215475275,4473,14.3255188316679,20560,65.8467845247246,0.00615134776029428,57880,66.7999458681397,LATINX
60624,NO,5789,ZCTA5 60624,34892,2839,7350,6449,6542,3664,4010,2139,1480,419,25286.6666666667,72.4712446023921,4038,11.5728533761321,31436,53,1773,33783,1109,90.0951507508885,0.151897283044824,5.08139401582025,96.8216210019489,3.17837899805113,10426,3747,35.9389986572032,1352,12.9675810473815,21103,5310,7134,8659,0.25162299199166,0.338056200540208,0.410320807468132,34380,14526,42.2513089005236,34468,6778,19.6646164558431,11948,6007,50.2761968530298,21641,3305,15.2719375259923,11948,112,0.937395379979913,15618,13518,2588,86.5539761813292,16.5706236393904,11948,5283,44.2166052895882,8955,74.9497823903582,97,0,0,11948,6685,9.39069300301306,0,34468,3441,9.98317279795753,11948,2920,24.4392366923334,6208,51.9584867760295,1915,16.0277870773351,11948,3666,30.6829594911282,11948,223,1.86642115835286,10744,1492,13.8868205510052,801,7.45532390171258,1336,12.4348473566642,547,5.09121370067014,226,2.10349962769918,1801,16.7628443782576,6203,57.7345495160089,0,24703,90.0951507508885,BLACK
60625,NO,7166,ZCTA5 60625,79444,5762,10236,14847,23164,9640,7738,4664,2263,1130,64151.3333333333,80.7503818203179,8057,10.1417350586577,3599,10658,25483,43155,36289,4.53023513418257,13.4157393887518,32.076682946478,54.3212829162681,45.6787170837319,43788,14615,33.3767242166804,2556,5.83721567552754,56639,7976,10000,38663,0.140821695298293,0.17655678949134,0.682621515210367,77240,10382,13.4412221646815,78622,6337,8.06008496349622,29668,3582,12.0736146690036,56785,9429,16.6047371665052,29668,651,2.19428340299312,32451,26895,7311,82.8788018859203,22.5293519460109,29668,6076,20.4799784279358,17994,60.6512066873399,286,0,0,29668,10895,6.44465417284616,0,78622,10383,13.2062272646333,29668,2339,7.88391532964811,5098,17.1834973709047,1824,6.14803829041391,29668,3511,11.8342995820413,29668,4128,13.9139813940946,44735,5418,12.1113222309154,3406,7.61372527104057,3961,8.85436459148318,517,1.15569464625014,1212,2.7092880295071,3570,7.98032860176596,18084,40.4247233709623,0,63446,45.6787170837319,WHITE
60626,NO,5790,ZCTA5 60626,50544,2851,6098,12083,12766,6625,5164,2915,1255,787,41979.3333333333,83.0550279624354,4957,9.80729661285217,13410,2712,9906,27952,22592,26.531339031339,5.3656220322887,19.5987654320988,55.3023108578664,44.6976891421336,27491,11471,41.7263831799498,1641,5.9692262922411,34717,4086,6484,24147,0.117694501252988,0.186767289800386,0.695538208946626,47252,11794,24.9597900617963,48861,5206,10.6547143938929,22995,4310,18.7432050445749,37295,8124,21.7830808419359,22995,733,3.18764948901935,25690,24001,13834,93.4254573764111,53.849746983262,22995,9115,39.6390519678191,17402,75.6773211567732,924,4,0.432900432900433,22995,10700,4.22700587084149,0,48861,6101,12.4864411289167,22995,2174,9.45422918025658,4778,20.7784300934986,1769,7.69297673407262,22995,3895,16.9384648836704,22995,2339,10.1717764731463,27956,2771,9.91200457862355,2861,10.233939047074,2174,7.77650593790242,569,2.03534125053656,807,2.88667906710545,2328,8.32737158391759,11510,41.1718414651595,0,41595,44.6976891421336,WHITE
60628,YES,6272,ZCTA5 60628,64254,3945,10537,11307,10805,8287,8327,5839,3907,1300,50700,78.9055934260902,11046,17.1911476328322,59478,135,2267,62921,1333,92.5669997198618,0.21010365113456,3.52818501571887,97.9254209854639,2.07457901453606,23728,6078,25.6153068105192,2926,12.3314227916386,43334,6266,11647,25421,0.14459777541884,0.268772788110952,0.586629436470208,63661,14944,23.4743406481205,63986,10089,15.7675116431719,22864,7730,33.8086074177747,40750,8451,20.7386503067485,22864,184,0.804758572428272,28582,9491,1896,33.2062137009307,6.63354558813239,22864,5560,24.3177046885934,10107,44.2048635409377,1456,0,0,22864,9646,19.9702589223233,0,63986,5309,8.29712749663989,22864,3686,16.1214135759272,8436,36.8964310706788,2672,11.6864940517845,22864,5305,23.2024142757173,22864,205,0.896606018194542,24509,3635,14.8312864661961,1015,4.14133583581541,2654,10.8286751805459,1610,6.56901546370721,595,2.42767962789179,3069,12.5219307193276,12578,51.319923293484,0,49772,92.5669997198618,BLACK
60629,YES,6726,ZCTA5 60629,110029,8901,22754,21216,22378,13048,10139,7319,3312,962,80352.6666666667,73.028625786535,11593,10.5363131538049,21116,582,78826,101566,8463,19.1913041107344,0.528951458251915,71.6411127975352,92.3083914240791,7.69160857592089,43568,7229,16.5924531766434,3923,9.00431509364671,66332,18755,25993,21584,0.282744376771392,0.391862147982874,0.325393475245734,109743,19443,17.7168475438069,110018,9522,8.65494737224818,31927,8464,26.5104770257149,70953,10584,14.9169168322692,31927,456,1.4282582140508,35538,15719,1674,44.2315268163656,4.71045078507513,31927,5996,18.7803426566856,13617,42.6504212735302,3757,0,0,31927,14513,15.8173332915714,94,110018,15252,13.8631860241051,31927,5483,17.1735521658784,10987,34.4128793810881,3193,10.0009396435619,31927,6482,20.3025652269239,31927,4132,12.9420239922323,45509,12982,28.5262255817531,3903,8.57632556197675,2474,5.43628732778132,1556,3.41910391351161,677,1.48761783383507,7223,15.8715858401635,28815,63.3171460590213,0.0854320224668042,78374,71.6411127975352,LATINX
60630,NO,5791,ZCTA5 60630,56433,3111,8155,7717,12779,8303,7681,4899,2453,1335,45745.3333333333,81.0613175506057,8687,15.3934754487622,831,6177,16066,25030,31403,1.47254266120887,10.9457232470363,28.4691581167048,44.3534811192033,55.6465188807967,29047,6088,20.9591351946845,2008,6.91293421007333,41243,4364,10538,26341,0.105811895351939,0.255510025943797,0.638678078704265,56106,5314,9.47135778704595,56230,5529,9.83282945047128,20872,1924,9.21809122269069,37705,6352,16.8465720726694,20872,245,1.17382138750479,22740,11740,2026,51.6270888302551,8.9094107299912,20872,2450,11.7382138750479,7316,35.0517439632043,241,0,0,20872,6768,13.2905327711767,0,56230,5482,9.74924417570692,20872,1860,8.9114603296282109,3928,18.8194710617095,1140,5.46186278267535,20872,2684,12.8593330778076,20872,2397,11.4842851667305,29789,5187,17.4124676894156,1202,4.03504649367216,2943,9.87948571620397,1042,3.49793547953943,551,1.8496760549196,2246,7.53969586088825,13171,44.214307294639,0,45167,55.6465188807967,WHITE
60631,NO,6737,ZCTA5 60631,29529,2066,3798,3630,5881,4071,4510,2601,1664,1308,23883,80.8798130651224,5573,18.8729723322835,269,1031,3500,5766,23763,0.910968878052084,3.49148294896542,11.8527549188933,19.5265671035253,80.4734328964746,15079,1448,9.60275880363419,1026,6.80416473240931,22155,1322,5397,15436,0.059670503272399,0.243601895734597,0.696727600993004,28980,1795,6.19392684610076,29058,2795,9.61869364718838,12043,428,3.55393174458191,18505,2842,15.3580113482842,12043,7,0.0581250518973678,12670,4471,1969,35.2880820836622,15.5406471981058,12043,1530,12.7044756289961,3118,25.8905588308561,112,0,0,12043,3163,10.8693847048078,0,29058,610,2.09924977630945,12043,1863,15.4695673835423,2797,23.2251100224197,513,4.25973594619281,12043,2314,19.2144814415013,12043,598,4.9655401478037,15487,1537,9.9244527668367,517,3.33828372183121,1456,9.40143346032156,1676,10.8219797249306,129,0.832956673338929,926,5.9792083683089,6241,40.2983147155679,0,23665,80.4734328964746,WHITE
60632,YES,5792,ZCTA5 60632,89857,6734,19140,17624,18776,10014,8185,5832,2507,1045,65431.6666666667,72.8175508493124,9384,10.4432598462001,1034,6176,74575,82205,7652,1.15071725074285,6.8731428825801,82.9929777312842,91.4842471927618,8.51575280723817,37316,7454,19.9753456962161,2446,6.55482902776289,54645,17454,21359,15832,0.319407082075213,0.390868331960838,0.289724585963949,89268,16648,18.6494600528745,89576,5868,6.55086183799232,25013,5781,23.1119817694799,57340,8886,15.4970352284618,25013,330,1.31931395674249,27600,15994,489,57.9492753623188,1.77173913043478,25013,3644,14.568424419302,11617,46.4438491984168,1583,3,0.189513581806696,25013,10465,15.2960460560509,3252,89576,14069,15.7062159507011,25013,4227,16.899212409547,8851,35.3855994882661,2745,10.9742933674489,25013,5025,20.0895534322152,25013,6201,24.7911086235158,38397,11990,31.2263978956689,3987,10.3836237206032,1892,4.92746829179363,716,1.86472901528765,396,1.03133057270099,5505,14.3370575826236,24486,63.770607078678,3.61908365514095,63983,82.9929777312842,LATINX
60633,NO,6727,ZCTA5 60633,12689,710,2071,1909,2562,1789,1559,1016,847,226,10082.3333333333,79.4572727033914,2089,16.4630782567578,2955,0,6038,9035,3654,23.2878871463472,0,47.5845220269525,71.2034045236031,28.7965954763969,5229,490,9.37081659973226,570,10.9007458405049,8712,1402,3081,4229,0.160927456382002,0.353650137741047,0.485422405876951,12335,2224,18.0299959464937,12404,921,7.42502418574653,4720,974,20.635593220339,8244,1042,12.6394953905871,4720,0,0,5340,1603,383,30.0187265917603,7.17228464419476,4720,614,13.0084745762712,1453,30.7838983050847,807,0,0,4720,1420,20.5720338983051,20,12404,1365,11.0045146726862,4720,619,13.114406779661,1661,35.1906779661017,606,12.8389830508475,4720,815,17.2669491525424,4720,244,5.16949152542373,5397,1113,20.6225680933852,321,5.94774874930517,381,7.05947748749305,190,3.52047433759496,166,3.07578284231981,677,12.5440059292199,2848,52.7700574393181,0.157616833477815,9908,47.5845220269525,LATINX
60634,NO,6715,ZCTA5 60634,75082,4508,11763,10415,16239,10653,10059,6814,3273,1358,59722,79.5423670120668,11445,15.243333954876,1073,4121,28812,34760,40322,1.42910417943049,5.48866572547348,38.3740443781466,46.2960496523801,53.7039503476199,38182,3634,9.5175737258394,3182,8.33376983919124,53038,6430,16212,30396,0.121233832346619,0.305667634526189,0.573098533127192,74664,5968,7.99314261223615,74748,6937,9.28051586664526,25981,1832,7.05130672414457,49446,8175,16.5331877199369,25981,206,0.792887109811016,28062,9964,2201,35.507091440382,7.84334687477728,25981,2198,8.46002848235249,6914,26.6117547438513,382,0,0,25981,8781,17.0778645933567,0,74748,6934,9.27650238133462,25981,3325,12.7978137869982,5295,20.3802778953851,939,3.61417959277934,25981,4766,18.3441745891228,25981,4265,16.41584234633,38710,9170,23.6889692585895,1644,4.24696460862826,4025,10.3978300180832,1616,4.17463187806768,610,1.57582020149832,3223,8.32601394988375,20288,52.4102299147507,0,58811,53.7039503476199,WHITE
60636,YES,7033,ZCTA5 60636,30024,1859,4834,4672,4837,3665,3836,3398,2401,522,23725.3333333333,79.0212274624745,6321,21.0531574740208,26359,24,2823,29583,441,87.7930988542499,0.0799360511590727,9.40247801758593,98.531175059952,1.46882494004796,8535,2481,29.0685413005272,1178,13.8019917984769,20553,4662,8278,7613,0.226828200262735,0.402763586824308,0.370408212912957,29896,9549,31.9407278565694,30005,5024,16.7438760206632,10995,4749,43.1923601637108,17791,3127,17.5763026249227,10995,75,0.682128240109141,14538,6825,594,46.9459347915807,4.08584399504746,10995,3913,35.5889040472942,6048,55.0068212824011,3364,32,0.951248513674197,10995,5287,23.8835834470214,6,30005,2463,8.20863189468422,10995,3349,30.4592996816735,6011,54.6703046839472,1634,14.8613005911778,10995,4295,39.0632105502501,10995,237,2.15552523874488,8776,1755,19.9977210574294,567,6.46080218778487,1059,12.067000911577,482,5.4922515952598,300,3.41841385597083,1337,15.2347310847767,5500,62.6709206927985,0.0199840127897682,23331,87.7930988542499,BLACK
60637,NO,6716,ZCTA5 60637,47300,3022,8092,11975,8511,4836,5276,3399,1389,800,36841,77.8879492600423,5588,11.8139534883721,35425,2218,1543,40334,6966,74.8942917547569,4.6892177589852,3.26215644820296,85.2727272727273,14.7272727272727,16651,5556,33.367365323404,1241,7.45300582547595,28232,3571,6264,18397,0.126487673561916,0.221875885519977,0.651636440918107,43825,15189,34.6583000570451,47048,7074,15.035708212889,19459,7139,36.6873940079141,31890,6662,20.8905613044842,19459,214,1.0997481884989,24584,21058,7738,85.6573381060853,31.4757565896518,19459,8491,43.6353358343183,14581,74.9319081144971,340,0,0,19459,9939,5.96639087311784,0,47048,3285,6.98223091311002,19459,3248,16.6915052160954,7440,38.2342360861298,2899,14.8979906470014,19459,4419,22.7092861914795,19459,455,2.33824965311681,17243,1508,8.74557791567593,900,5.21950936611958,2082,12.07446500029,620,3.59566200777127,463,2.68514759612596,1359,7.88145914284057,6932,40.201821028823304,0,36186,74.8942917547569,BLACK
60827,NO,6733,ZCTA5 60827,28483,2578,5651,5017,5460,3680,3238,1956,663,240,20670.3333333333,72.5707732097509,2859,10.0375662675982,25575,39,1486,27635,848,89.7904012919987,0.136923779096303,5.21714707018221,97.0227855211881,2.97721447881192,10235,2079,20.3126526624328,1868,18.2510991695164,17318,2141,5559,9618,0.123628594525927,0.320995496015706,0.555375909458367,28439,8654,30.4300432504659,28475,3241,11.3819139596137,10878,3726,34.2526199669057,18246,3199,17.5326098870985,10878,39,0.358521787093216,13224,4450,1581,33.6509376890502,11.9555353901996,10878,2780,25.5561684133113,6434,59.1469020040449,15255,94,0.61619141265159,10878,4391,16.822945394374,1375,28475,2678,9.40474100087796,10878,1511,13.8904210332782,4580,42.1033278176135,1906,17.5216032358889,10878,2282,20.978120978121,10878,165,1.51682294539437,10416,1192,11.4439324116743,528,5.06912442396313,1338,12.8456221198157,459,4.40668202764977,156,1.49769585253456,2057,19.7484639016897,5730,55.0115207373272,4.82744092967735,20254,89.7904012919987,BLACK
60638,NO,6728,ZCTA5 60638,58669,3884,10661,7924,12720,7367,7873,4771,2400,1069,44894.6666666667,76.5219565130932,8240,14.0448959416387,2177,311,29543,32653,26016,3.71064787195964,0.530092553137091,50.355383592698,55.6563091240689,44.3436908759311,26694,3396,12.7219599910092,2670,10.0022476961115,39853,5990,13567,20296,0.150302361177327,0.340426065791785,0.509271573030889,58475,5143,8.79521162890124,58669,5855,9.97971671581244,20245,2133,10.5359347987157,37451,5644,15.0703586019065,20245,143,0.706347246233638,21239,4894,835,23.0425161259946,3.93144686661331,20245,1763,8.7083230427266,4661,23.0229686342307,3728,5,0.13412017167382,20245,5754,17.1301555939738,290,58669,4891,8.33660024885374,20245,2698,13.3267473450235,5189,25.6310200049395,1485,7.33514448011855,20245,3290,16.2509261546061,20245,1567,7.7401827611756,27344,6346,23.2080163838502,1388,5.07606787595085,1797,6.57182562902282,1894,6.92656524283207,507,1.85415447630193,2834,10.3642480983031,14766,54.000877706261,0.494298522217866,44124,50.355383592698,LATINX
60639,YES,7034,ZCTA5 60639,88204,6161,16875,15550,20028,10708,10184,5467,2595,636,66450,75.3367194231554,8698,9.86123078318444,10828,1124,68792,81576,6628,12.2760872522788,1.27431862500567,77.9919278037277,92.48560156002,7.51439843998005,40934,7526,18.3856940440709,2784,6.80119216299409,55705,18483,17264,19958,0.331801454088502,0.309918319719953,0.358280226191545,87492,16851,19.260046632835,87947,9890,11.2454091668846,25613,5987,23.3748487096396,59355,9615,16.1991407632044,25613,406,1.58513254987702,28659,19651,1433,68.5683380438955,5.00017446526397,25613,4442,17.3427556319057,13273,51.8213407254129,86,0,0,25613,12679,13.1808066216374,0,87947,14738,16.7578200507124,25613,3903,15.2383555225862,8564,33.436145707258,2768,10.8070120641862,25613,5667,22.1254831530863,25613,4800,18.7404833482997,41620,12784,30.7160019221528,3274,7.86641037962518,2627,6.31186929360884,951,2.28495915425276,553,1.32868813070639,5153,12.3810667948102,25342,60.8889956751562,0,65168,77.9919278037277,LATINX
60640,NO,6729,ZCTA5 60640,69363,2910,6138,14021,20463,9103,7409,4803,2995,1521,60673.6666666667,87.4726679449659,9319,13.4351167048715,11484,7411,9772,30576,38787,16.5563773193201,10.6843706298747,14.088202644061,44.0811383590675,55.9188616409325,41457,18830,45.4205562389946,1728,4.16817425284029,55212,5508,7639,42065,0.0997609215387959,0.138357603419546,0.761881475041658,67969,12879,18.9483440980447,68009,8633,12.6939081592142,35466,5436,15.3273557773642,51751,7836,15.1417363915673,35466,764,2.15417583037275,38347,35556,22057,92.7217252979373,57.5194930503038,35466,13849,39.0486663283144,24017,67.7183781650031,2940,0,0,35466,13721,4.47188856933401,17,68009,5678,8.34889499919128,35466,3031,8.54621327468561,6669,18.8039248858061,2366,6.67117802966221,35466,4863,13.7117239045847,35466,3479,9.80939491343822,41963,2656,6.32938541095727,2970,7.07766365607797,3588,8.55038962895885,481,1.14624788504158,1300,3.09796725686915,2097,4.99725949050354,13092,31.1989133284084,0.0245087438547929,60315,55.9188616409325,WHITE
60641,NO,6275,ZCTA5 60641,69880,4385,11035,10959,16839,9560,8981,4798,2331,992,55294.6666666667,79.1280290020988,8121,11.6213508872353,1429,3208,38120,44866,25014,2.04493417286777,4.59072696050372,54.5506582713223,64.2043503148254,35.7956496851746,36754,7604,20.6889046090221,2348,6.38842030799369,48896,10031,11951,26914,0.205149705497382,0.244416721204188,0.550433573298429,69510,7452,10.7207596029348,69593,6503,9.34433060796344,24557,2931,11.9354970069634,48076,7447,15.4900574091023,24557,427,1.73881174410555,27131,16790,3656,61.8849286793705,13.4753602889683,24557,3409,13.8819888422853,11610,47.2777619416052,4309,0,0,24557,9411,11.7726106609113,0,69593,9536,13.7025275530585,24557,2380,9.69173759009651,5489,22.3520788369915,1853,7.54570998086085,24557,4038,16.4433766339537,24557,3771,15.3561102740563,37222,7627,20.4905700929558,2717,7.29944656386008,2905,7.80452420611466,767,2.06060931707055,607,1.63075600451346,3479,9.34662296491322,18102,48.6325291494278,0,54460,54.5506582713223,LATINX
60642,NO,6264,ZCTA5 60642,19716,916,923,6660,6953,1738,1351,697,468,10,17926.3333333333,90.9227700006763,1175,5.95962669912761,1962,1427,3202,7182,12534,9.95130858186245,7.23777642523839,16.2406167579631,36.427267194157,63.572732805843,14681,5666,38.594101219263,497,3.38532797493359,16702,759,1136,14807,0.045443659441983,0.0680158064902407,0.886540534067776,19716,1737,8.81010346926354,19716,764,3.87502536011361,9491,616,6.49035928774629,16803,1484,8.83175623400583,9491,108,1.13792013486461,10343,9451,3370,91.375809726385,32.5824228947114,9491,2042,21.5151195869771,5842,61.5530502581393,2386,7,0.293378038558257,9491,2659,1.86492466547255,0,19716,838,4.25035504159059,9491,511,5.38404804551681,964,10.1569908334211,281,2.96069961015699,9491,691,7.28058160362449,9491,429,4.52007164682331,14973,622,4.15414412609364,413,2.75829827021973,1018,6.79890469511788,102,0.681226207172911,179,1.1954852067054,396,2.64476056902424,2730,18.2328190743338,0,17877,63.572732805843,WHITE
60643,NO,7035,ZCTA5 60643,48887,2989,7841,5760,8640,6813,7675,4917,3083,1169,38788.3333333333,79.3428382460231,9169,18.7554973714894,35352,139,1509,38441,10446,72.3137030294352,0.284329167263281,3.08671016834741,78.6323562501278,21.3676437498722,20381,3663,17.9726215592954,2126,10.431284039056,34332,2943,7303,24086,0.085721775602936,0.212716998718397,0.701561225678667,48494,6882,14.1914463644987,48526,7057,14.5427193669373,17924,2575,14.3662128989065,30346,5212,17.1752455018783,17924,12,0.066949341664807,19799,3978,1163,20.0919238345371,5.87403404212334,17924,1832,10.2209328274939,4536,25.306851149297,560,0,0,17924,5745,18.6286543182325,0,48526,2500,5.15187734410419,17924,1642,9.16090158446775,3965,22.1211783084133,1320,7.36442758312877,17924,2827,15.7721490738674,17924,66,0.368221379156438,20827,2319,11.1345849138138,810,3.88918231142267,2258,10.8416958755462,1494,7.17338070773515,752,3.61069765208623,1820,8.73865655159168,9453,45.3881980121957,0,38057,72.3137030294352,BLACK
60644,YES,6717,ZCTA5 60644,46591,3337,8767,8152,8735,5419,5711,3655,2206,609,35099.6666666667,75.3357229221667,6470,13.8868021720933,41158,103,3194,44810,1781,88.3389495825374,0.221072739370265,6.85540125775364,96.1773733124423,3.82262668755768,16270,5956,36.6072526121696,2173,13.3558696988322,30073,5930,11291,12852,0.197186845342999,0.375453064210421,0.42736009044658,45654,15411,33.7560783282954,45777,8538,18.6512877645979,16736,7136,42.6386233269598,29118,4269,14.6610344117041,16736,259,1.5475621414914,19556,16168,3475,82.6753937410513,17.7694825117611,16736,7210,43.0807839388145,12056,72.0363288718929,571,0,0,16736,9426,9.20172084130019,118,45777,5573,12.1742359700286,16736,4312,25.7648183556405,8519,50.9022466539197,2568,15.3441682600382,16736,5861,35.0203154875717,16736,244,1.45793499043977,16629,2591,15.5812135426063,1012,6.08575380359613,2545,15.3045883697156,880,5.29195982921402,374,2.24908292741596,2499,15.0279631968248,9901,59.5405616693728,0.253267798501857,34487,88.3389495825374,BLACK
60645,NO,5793,ZCTA5 60645,47270,4422,8379,7047,9846,6164,5067,3522,1918,905,35109.6666666667,74.2747337987448,6345,13.4228897821028,7200,8373,8312,26167,21103,15.2316479796911,17.7131372963825,17.5840913898879,55.356462872858,44.643537127142,20350,3775,18.5503685503685,1761,8.65356265356265,31252,5007,6560,19685,0.160213746320235,0.209906565979777,0.629879687699987,46723,9119,19.5171542923186,46753,4727,10.1105811391782,16004,2991,18.6890777305674,29576,5306,17.9402218014606,16004,215,1.34341414646338,17719,12503,5027,70.5626728370676,28.370675546024,16004,2419,15.1149712571857,7796,48.7128217945514,242,20,8.26446280991736,16004,6681,11.4783804048988,0,46753,5934,12.6922336534554,16004,1409,8.80404898775306,3130,19.5576105973507,1090,6.81079730067483,16004,2206,13.7840539865034,16004,2466,15.4086478380405,20673,2735,13.2298166690853,1666,8.05882068398394,2232,10.7966913365259,319,1.54307550911817,510,2.46698592366855,1928,9.32617423692739,9390,45.4215643593092,0,34469,44.643537127142,WHITE
60646,NO,7167,ZCTA5 60646,28569,1801,4706,3187,5243,4320,3398,2907,2091,916,22412,78.4486681367916,5914,20.700759564563,286,2771,4300,7944,20625,1.00108509223284,9.69932444257762,15.0512793587455,27.806363540901,72.193636459099,13244,1529,11.5448504983389,721,5.44397463002114,20545,1446,3645,15454,0.0703820880992942,0.177415429544901,0.752202482355804,28384,2052,7.22942502818489,28384,3038,10.7032130777903,10953,743,6.78352962658632,16847,2662,15.8010328248353,10953,33,0.301287318542865,11510,3429,1002,29.7914856646394,8.70547350130322,10953,865,7.89737971332055,2663,24.3129736145348,57,0,0,10953,3297,13.4209805532731,0,28384,1240,4.36865839909808,10953,1068,9.75075321829636,2088,19.063270336894,510,4.65625855929882,10953,1402,12.8001460786999,10953,1231,11.2389299735232,13550,1491,11.0036900369004,249,1.83763837638376,1298,9.57933579335793,989,7.29889298892989,405,2.98892988929889,774,5.71217712177122,5206,38.4206642066421,0,22062,72.193636459099,WHITE
60647,NO,7036,ZCTA5 60647,87633,5848,10044,22226,27357,9314,6529,4180,1622,513,72555,82.7941528876108,6315,7.2061894491801,4268,3019,37622,47089,40544,4.87031141236749,3.44504923944176,42.9313158285121,53.7343238277818,46.2656761722182,54224,19072,35.1726172912363,2394,4.41501917969903,63778,6849,12350,44579,0.1073881275675,0.193640440277212,0.698971432155289,87225,12165,13.9466895958727,87376,4991,5.71209485442227,35383,3845,10.8668004408897,67155,8737,13.0102002829276,35383,315,0.890258033518922,39159,32454,7899,82.8774994254194,20.1716080594499,35383,7420,20.9705225673346,21919,61.9478280530198,2021,6,0.296882731321128,35383,12282,5.29632874544273,0,87376,8539,9.77270646401758,35383,4169,11.7824944182234,6175,17.4518836729503,1161,3.2812367521126,35383,4885,13.8060650594918,35383,3699,10.4541729078936,55188,5943,10.7686453576865,3960,7.17547292889759,3372,6.1100239182431,799,1.44777850257302,1070,1.93882728129303,2633,4.77096470247155,17777,32.2117126911647,0,71741,46.2656761722182,WHITE
60649,NO,6730,ZCTA5 60649,46633,3122,7277,7662,10126,5584,6139,4012,1934,777,36749,78.8047091115733,6723,14.4168292839834,43366,148,1189,45399,1234,92.9942315527631,0.317371818240302,2.54969656680891,97.3538052452126,2.64619475478738,19209,8275,43.0787651621636,2370,12.3379665781665,32135,3148,8198,20789,0.0979617239769721,0.255111249416524,0.646927026606504,45751,14577,31.8615986535813,45850,6693,14.59760087241,21460,7722,35.9832246039143,30630,4704,15.3574926542605,21460,342,1.59366262814539,26932,23347,9819,86.6886974602703,36.4584880439626,21460,9333,43.4902143522833,16800,78.2851817334576,806,14,1.73697270471464,21460,10591,5.72227399813607,0,45850,3779,8.24209378407852,21460,4171,19.4361602982293,9482,44.1845293569431,3469,16.1649580615098,21460,5329,24.8322460391426,21460,329,1.53308480894688,19425,1793,9.23037323037323,1004,5.16859716859717,2806,14.4453024453024,1276,6.56885456885457,717,3.69111969111969,2325,11.969111969112,9921,51.0733590733591,0,36234,92.9942315527631,BLACK
60651,NO,19171,ZCTA5 60651,63492,4563,12514,11299,13210,7770,6636,4817,1996,687,47504.6666666667,74.8199248199248,7500,11.8125118125118,32223,295,27245,60693,2799,50.7512757512757,0.464625464625465,42.9109179109179,95.5915705915706,4.40842940842941,26200,5660,21.6030534351145,2509,9.5763358778626,39984,10077,12897,17010,0.25202581032413,0.322554021608643,0.425420168067227,63009,15697,24.9123141138568,63476,9092,14.3235238515344,19860,6748,33.9778449144008,40722,6711,16.4800353617209,19860,421,2.11983887210473,22726,16230,1164,71.4159992959606,5.12188682566224,19860,4534,22.8298086606244,11122,56.0020140986908,2039,32,1.56939676311918,19860,10248,15.5236656596173,60,63476,9691,15.2671875984624,19860,3606,18.1570996978852,7952,40.0402819738167,2733,13.761329305136,19860,5314,26.7573011077543,19860,1724,8.68076535750252,26624,5331,20.0232872596154,2610,9.80318509615385,3141,11.7976262019231,634,2.38131009615385,616,2.31370192307692,3617,13.5854867788462,15949,59.9045973557692,0.0945000945000945,46415,50.7512757512757,BLACK
60652,NO,7168,ZCTA5 60652,43447,2695,8665,7017,8500,6010,5499,3030,1376,655,32672.6666666667,75.2012029982891,5061,11.6486753976109,19747,429,18027,39264,4183,45.4507791101802,0.987409947752434,41.491932699611,90.3721775956913,9.6278224043087,19260,2700,14.018691588785,2257,11.7185877466251,27580,4618,7861,15101,0.167440174039159,0.28502538071066,0.547534445250181,43098,5532,12.8358624530141,43249,3720,8.601354944623,13476,1913,14.195607005046,28056,4961,17.6824921585401,13476,42,0.31166518254675,14148,2033,862,14.3695221939497,6.09273395532938,13476,1283,9.52062926684476,2358,17.4977738201247,182,0,0,13476,4567,18.002374591867,0,43249,3816,8.82332539480682,13476,1349,10.0103888394182,3130,23.2264766993173,1020,7.56901157613535,13476,1959,14.5369545859305,13476,614,4.5562481448501,20009,3435,17.1672747263731,905,4.52296466590034,1692,8.45619471237943,1432,7.15677944924784,317,1.58428707081813,2666,13.3240041981109,10447,52.2115048228297,0,32087,45.4507791101802,BLACK
60653,NO,5794,ZCTA5 60653,33154,2902,6260,5169,6780,3730,4074,2353,1444,442,24445.6666666667,73.7336872373369,4239,12.7857875369488,29379,418,913,31530,1624,88.613741931592,1.26078301260783,2.75381552753816,95.1016468601074,4.89835313989262,12589,3783,30.0500436889348,1140,9.05552466438955,21317,2658,4716,13943,0.124689215180372,0.221231880658629,0.654078904160998,32617,10640,32.621025845418004,32801,5559,16.947654034938,14987,5850,39.0338293187429,20631,4036,19.5627938539092,14987,104,0.693934743444318,16729,13267,7089,79.3053978121824,42.3755155717616,14987,5841,38.9737772736371,11224,74.8915726963368,602,0,0,14987,6820,3.33622472809768,543,32801,1975,6.0211578915277,14987,2573,17.1682124507907,5973,39.8545406018549,1957,13.0579835857743,14987,3326,22.1925668913058,14987,143,0.954160272235938,13311,1079,8.10607768011419,885,6.64863646608068,1405,10.5551799263767,550,4.1319209676207604,458,3.44076327849147,1194,8.97002479152581,5571,41.8526031102096,1.63781142546902,23992,88.613741931592,BLACK
60654,NO,5806,ZCTA5 60654,20022,973,490,5555,7546,2429,1699,938,349,43,18563.6666666667,92.7163453534445,1330,6.64269303765858,1070,2851,1156,5657,14365,5.34412146638697,14.2393367295974,5.77364898611527,28.253920687244,71.746079312756,15327,2026,13.2185032948392,590,3.84941606315652,17368,255,614,16499,0.0146821741133118,0.0353523721787195,0.949965453707969,20022,1411,7.04724802717011,19994,868,4.34130239071721,12591,413,3.28012072115003,17243,1390,8.06124224322914,12591,145,1.15161623381781,14089,13600,13218,96.5292071829086,93.8178720988005,12591,5166,41.0293066476054,7492,59.5028194742276,8391,0,0,12591,4055,3.85195774759749,188,19994,325,1.62548764629389,12591,468,3.71694067190851,724,5.75013898816616,134,1.06425224366611,12591,367,2.91478039869748,12591,221,1.75522198395679,15397,222,1.44183931934793,167,1.08462687536533,1362,8.84587906735078,39,0.253296096642203,201,1.30544911346366,336,2.18224329414821,2327,15.1133337663181,0.938967136150235,18559,71.746079312756,WHITE
60655,NO,6731,ZCTA5 60655,28569,1922,5103,4090,5576,3812,4418,2083,991,574,21950.6666666667,76.8338642117913,3648,12.7690853722566,1836,436,2586,5192,23377,6.4265462564318,1.52612972102629,9.05176940039903,18.1735447513039,81.8264552486961,14212,1260,8.86574725584014,806,5.67126372079932,19080,622,3787,14671,0.0325995807127883,0.198480083857442,0.768920335429769,27946,1199,4.29041723323553,28569,2335,8.17319472155133,10190,315,3.09126594700687,18746,3012,16.0674277179132,10190,36,0.353287536800785,10779,1470,711,13.637628722516,6.59615919844141,10190,428,4.20019627085378,1380,13.5426889106968,10727,53,0.494080357975203,10190,1842,13.6015701668302,2416,28569,657,2.2996954741153,10190,787,7.72325809617272,1538,15.0932286555446,326,3.19921491658489,10190,1154,11.3248282630029,10190,15,0.14720314033366,14551,1715,11.7861315373514,386,2.65273864339221,1382,9.49762902893272,2711,18.6310219228919,205,1.40883788055804,705,4.84502783313862,7104,48.8213868462649,8.45671882109979,21544,81.8264552486961,WHITE
60656,NO,6266,ZCTA5 60656,28218,1878,3363,3628,7008,3525,3848,2616,1644,708,23184.3333333333,82.1615044770478,4968,17.6057835424197,327,2372,3768,7129,21089,1.15883478630661,8.40598199730668,13.3531788220285,25.264015876391,74.735984123609,14839,1865,12.5682323606712,2260,15.2301368016713,21544,2012,5204,14328,0.0933902710731526,0.241552172298552,0.665057556628296,28208,2129,7.54750425411231,28177,2950,10.4695318877098,12079,831,6.87970858514778,18417,2919,15.8494868871152,12079,115,0.95206556834175,12761,6718,3492,52.6447770550897,27.3646265966617,12079,1179,9.7607417832602,4603,38.1074592267572,462,0,0,12079,4196,15.8125672655021,0,28177,2806,9.95847677183518,12079,1658,13.7263018461793,2772,22.9489196125507,578,4.78516433479593,12079,2142,17.7332560642437,12079,2345,19.4138587631426,15180,2506,16.5085638998682,817,5.38208168642951,1478,9.7364953886693,913,6.01449275362319,229,1.50856389986825,1929,12.7075098814229,7872,51.8577075098814,0,22977,74.735984123609,WHITE
60657,NO,5807,ZCTA5 60657,70958,3875,5076,23709,20641,6868,5087,3430,1543,729,62262.6666666667,87.7458026813984,5702,8.03573945150653,2085,4887,5385,14355,56603,2.93835790185744,6.88717269370614,7.58899630767496,20.2302770653062,79.7697229346938,50354,26134,51.9005441474362,1583,3.14374230448425,53230,916,2141,50173,0.0172083411609994,0.0402216795040391,0.942569979334961,70637,5294,7.4946557753019,70820,3465,4.89268568201073,37088,947,2.55338654012079,56798,6177,10.8753829360189,37088,406,1.09469370146678,40259,35472,21348,88.1094910454805,53.0266524255446,37088,13415,36.1707290767903,22488,60.6341673856773,1665,0,0,37088,10840,2.56147540983607,0,70820,2464,3.47924315165208,37088,1155,3.11421484037964,2373,6.39829594477999,514,1.38589301121657,37088,1818,4.9018550474547,37088,752,2.02761000862813,50918,1032,2.02678816921324,2033,3.99269413566911,3703,7.27247731646962,378,0.742370085235084,815,1.60061274991162,1149,2.25656938607172,9110,17.8915118425704,0,62007,79.7697229346938,WHITE
60659,NO,5808,ZCTA5 60659,42735,3272,7946,6875,9530,5088,4921,3262,1158,683,32002.3333333333,74.8855348855349,5103,11.9410319410319,3453,11861,8873,26665,16070,8.08002808002808,27.7547677547678,20.7628407628408,62.3961623961624,37.6038376038376,19283,3228,16.7401337966084,1910,9.90509775449878,27817,5819,5928,16070,0.209188625660567,0.213107092784988,0.577704281554445,42328,9942,23.4879984879985,42425,3758,8.85798467884502,13485,3221,23.8857990359659,27504,4965,18.0519197207679,13485,537,3.98220244716352,14741,11510,2340,78.0815412794247,15.8740926667119,13485,2031,15.0611790878754,8006,59.3696700037078,6186,41,0.662786938247656,13485,6482,7.88283277715981,3315,42425,5356,12.6246317030053,13485,967,7.17093066370041,2586,19.1768631813126,1198,8.88394512421209,13485,1654,12.2654801631442,13485,2478,18.3759733036707,19885,3061,15.3935126980136,1525,7.6690973095298,1940,9.75609756097561,311,1.56399295951722,374,1.8808146844355,2880,14.4832788534071,10091,50.7467940658788,7.75710775710776,31517,37.6038376038376,WHITE
60660,NO,18233,ZCTA5 60660,44498,2009,3352,10768,11532,5920,4975,3585,1495,862,39365.6666666667,88.466148291309,5942,13.3534091419839,5937,6000,7614,21251,23247,13.3421726819183,13.4837520787451,17.1108813879275,47.7572025709021,52.2427974290979,25342,10337,40.7899928971668,1019,4.02099281824639,33612,3674,5224,24714,0.109306200166607,0.155420683089373,0.73527311674402,41528,6641,15.9916201117318,43946,5210,11.8554589723752,21084,2493,11.8241320432555,33569,6199,18.4664422532694,21084,833,3.95086321381142,23559,21369,14587,90.7041894817267,61.9168895114394,21084,7764,36.8241320432555,13344,63.2896983494593,600,21,3.5,21084,8617,8.49459305634604,0,43946,3535,8.04396304555591,21084,1897,8.99734395750332,3931,18.6444697400873,1232,5.84329349269588,21084,2486,11.790931512047,21084,2691,12.7632327831531,25683,2404,9.36027722618074,1852,7.21099560020247,2105,8.19608301210918,306,1.1914495970097,816,3.17719892535919,1450,5.64575789432699,8933,34.7817622551883,0,39137,52.2427974290979,WHITE
60661,NO,6732,ZCTA5 60661,10354,492,425,3386,4478,709,532,269,26,37,9461.33333333333,91.3785332560685,332,3.20649024531582,429,2950,641,4327,6027,4.14332625072436,28.4914042881978,6.19084411821518,41.7906123237396,58.2093876762604,7795,1432,18.3707504810776,126,1.61642078255292,8556,77,303,8176,0.00899953249181861,0.035413744740533,0.955586722767648,10261,864,8.42023194620407,10340,271,2.62088974854932,6200,46,0.741935483870968,9166,689,7.5169103207506,6200,336,5.41935483870968,7137,6975,6897,97.7301387137453,96.6372425388819,6200,2791,45.0161290322581,4283,69.0806451612903,0,0,NA,6200,1534,1.93548387096774,90,10340,263,2.54352030947776,6200,55,0.887096774193548,197,3.1774193548387,71,1.14516129032258,6200,209,3.37096774193548,6200,333,5.37096774193548,7859,111,1.41239343427917,94,1.1960809263265,528,6.71841201170632,59,0.750731645247487,189,2.4048861178267,14,0.178139712431607,995,12.6606438478178,0.869229283368746,9437,58.2093876762604,WHITE
60602,NO,18247,ZCTA5 60602,1145,56,93,207,662,96,25,6,0,0,996.666666666667,87.0451237263464,6,0.524017467248908,49,245,74,465,680,4.27947598253275,21.3973799126638,6.46288209606987,40.6113537117904,59.3886462882096,954,257,26.9392033542977,0,0,907,0,0,907,0,0,1,1123,17,1.51380231522707,1145,4,0.349344978165939,597,0,0,992,130,13.1048387096774,597,21,3.51758793969849,714,639,639,89.4957983193277,89.4957983193277,597,267,44.7236180904523,345,57.7889447236181,3604,131,3.63485016648169,597,121,6.36515912897822,267,1145,14,1.22270742358079,597,0,0,0,0,0,0,597,0,0,597,0,0,954,0,0,0,0,167,17.5052410901468,0,0,10,1.0482180293501,2,0.209643605870021,179,18.7631027253669,23.3187772925764,996,59.3886462882096,WHITE
60621,YES,7032,ZCTA5 60621,28018,2387,5119,4822,4622,3216,3883,2220,1189,560,20915.3333333333,74.6496299997621,3969,14.1658933542723,26517,68,891,27729,289,94.6427296737811,0.242701120708116,3.18009850810193,98.9685202369905,1.03147976300949,7854,3061,38.9737713267125,922,11.7392411510059,17907,3878,6372,7657,0.216563355112526,0.35583849891104,0.427598145976434,27484,11416,41.536894192985,27565,5866,21.2806094685289,10749,5276,49.0836356870407,17309,2975,17.1875902709573,10749,122,1.13498930133036,16072,12087,3233,75.2053260328522,20.1157292185167,10749,5144,47.8556144757652,8273,76.9652990975905,239,0,0,10749,5647,10.8196111266164,0,27565,3330,12.0805369127517,10749,2738,25.4721369429714,5844,54.367848171923,1964,18.2714671132198,10749,3779,35.1567587682575,10749,110,1.02335100939622,8096,1464,18.0830039525692,710,8.7697628458498,975,12.0429841897233,577,7.12697628458498,223,2.75444664031621,965,11.9194664031621,4914,60.6966403162055,0,20512,94.6427296737811,BLACK
60707,NO,5809,ZCTA5 60707,43093,2331,6651,6752,8578,5912,5890,4233,1914,832,34657.6666666667,80.4252817549641,6979,16.195205717866,2981,1533,16862,22310,20783,6.91759682547049,3.55742231917017,39.1293249483675,51.771749472072,48.228250527928,21596,2461,11.3956288201519,1764,8.16817929246157,30078,4384,8726,16968,0.145754371966221,0.290112374492985,0.564133253540794,42894,3480,8.11302280039166,42879,4347,10.1378297068495,15354,1907,12.4202162302983,28243,4794,16.9741174804376,15354,172,1.12022925621988,16680,7523,2564,45.1019184652278,15.3717026378897,15354,1497,9.74990230558812,5126,33.3854370196691,1085,5,0.460829493087558,15354,6618,16.021883548261,0,42879,3941,9.19097926724037,15354,1846,12.0229256219878,3573,23.2708089097304,926,6.03100169336981,15354,2809,18.2949068646607,15354,1649,10.7398723459685,21940,5098,23.2360984503191,903,4.11577028258888,1656,7.54785779398359,466,2.12397447584321,214,0.97538742023701,2111,9.62169553327256,10448,47.6207839562443,0,34111,48.228250527928,WHITE
60603,NO,7122,ZCTA5 60603,1052,5,11,498,149,107,162,104,16,0,1039.66666666667,98.8276299112801,120,11.4068441064639,34,337,34,412,640,3.2319391634981,32.0342205323194,3.2319391634981,39.1634980988593,60.8365019011407,627,115,18.341307814992,25,3.98724082934609,707,0,0,707,0,0,1,852,142,16.6666666666667,1052,90,8.55513307984791,552,0,0,922,206,22.3427331887202,552,0,0,810,799,793,98.641975308642,97.9012345679012,552,237,42.9347826086957,236,42.7536231884058,10163,33,0.324707271474958,552,185,7.97101449275362,138,1052,88,8.36501901140684,552,0,0,0,0,0,0,552,16,2.89855072463768,552,28,5.07246376811594,632,19,3.00632911392405,0,0,73,11.5506329113924,0,0,21,3.32278481012658,0,0,113,17.879746835443,13.1178707224335,1036,60.8365019011407,WHITE
60605,NO,6723,ZCTA5 60605,29060,1047,1364,8519,8866,3430,2911,1763,992,168,26669.3333333333,91.77334250975,2923,10.0584996558844,4270,4377,2185,12195,16865,14.6937370956641,15.0619408121129,7.51892635925671,41.9649002064694,58.0350997935306,18143,5133,28.2919032133605,582,3.2078487570964,22457,813,1190,20454,0.036202520372267,0.0529901589704769,0.910807320657256,26014,2322,8.92596294303068,28314,2205,7.78766687857597,14942,1015,6.79293267300227,23778,3654,15.3671461014383,14942,374,2.50301164502744,16684,15224,15129,91.2491009350276,90.6796931191561,14942,4945,33.0946325793067,7636,51.1042698433945,4727,11,0.232705733023059,14942,4818,2.72386561370633,7,28314,707,2.49699795154341,14942,461,3.08526301699906,1380,9.23571141748093,285,1.90737518404497,14942,490,3.27934680765627,14942,405,2.71048052469549,18573,377,2.02982824530232,559,3.00974532924137,2088,11.2421256662898,106,0.570720938997469,325,1.74985193560545,431,2.32057287460292,3886,20.9228449900393,0.0240880935994494,26649,58.0350997935306,WHITE
60608,NO,6654,ZCTA5 60608,80059,4318,10494,20455,19660,9383,7810,4767,2137,1035,65954,82.3817434641952,7939,9.91643662798686,13326,9914,38984,63104,16955,16.6452241471914,12.3833672666409,48.6940881100189,78.8218688717071,21.1781311282929,35436,10064,28.4004966700531,1736,4.89897279602664,54904,15422,12880,26602,0.280890281218126,0.234591286609355,0.484518432172519,70382,13468,19.1355744366457,70846,6796,9.59263755187308,25921,4799,18.5139462212106,58692,8548,14.5641654739999,25921,423,1.63188148605378,28663,22130,3711,77.2075498028818,12.9470048494575,25921,6847,26.414875969291302,16242,62.6596196134408,1865,0,0,25921,10153,9.91474094363643,41,70846,9267,13.0804844310194,25921,3392,13.0859148952587,8012,30.9093013386829,2475,9.5482427375487,25921,4327,16.6930288183326,25921,4085,15.7594228617723,36198,6111,16.8821481849826,3611,9.97568926460025,2536,7.00591192883585,760,2.09956351179623,837,2.31228244654401,3338,9.2215039504945,17193,47.4970992872534,0.0512122309796525,65247,48.6940881100189,LATINX
60609,YES,7165,ZCTA5 60609,60939,4648,11125,12444,12246,7396,5707,4787,2103,483,45977.6666666667,75.4486727164323,7373,12.0989842301318,15015,3792,32291,51707,9232,24.6393934918525,6.22261605868163,52.9890546283989,84.8504241946865,15.1495758053135,24868,5664,22.776258645649,1574,6.32941933408396,38428,9477,15603,13348,0.246617050067659,0.406032059956282,0.347350889976059,60578,16197,26.737429429826,60751,6552,10.785007654195,20890,6862,32.8482527525132,39391,6975,17.7070904521337,20890,236,1.12972714217329,24720,18052,1956,73.0258899676375,7.9126213592233,20890,5765,27.5969363331738,13052,62.4796553374821,50,0,0,20890,9211,12.091910004787,0,60751,8850,14.5676614376718,20890,4173,19.9760651029201,9250,44.2795595978937,2927,14.0114887505984,20890,4572,21.8860698898995,20890,3339,15.9837242699856,25433,6332,24.896787638108002,2666,10.4824440687296,1995,7.84413950379428,861,3.38536547005859,426,1.67498918727637,3090,12.1495694570047,15370,60.4332953249715,0,45166,52.9890546283989,LATINX
60612,NO,5785,ZCTA5 60612,33735,2255,5582,7330,8332,3487,3424,1995,1134,196,26373.3333333333,78.177955634603,3325,9.856232399585,19873,1449,4056,26106,7629,58.9091448050986,4.29524232992441,12.0231213872832,77.3855046687417,22.6144953312583,14868,4935,33.1920903954802,878,5.90529997309658,22020,3236,5066,13718,0.146957311534968,0.230063578564941,0.622979109900091,32223,9908,30.7482233187475,33082,4773,14.4277855026903,13236,4044,30.5530371713509,23547,4223,17.9343440778018,13236,135,1.01994560290118,15563,12877,3871,82.741116751269,24.8730964467005,13236,4795,36.226956784527,9562,72.2423692958598,73,0,0,13236,5679,5.09972801450589,0,33082,2071,6.26020192249562,13236,2124,16.0471441523119,4378,33.0764581444545,1539,11.6273798730734,13236,3137,23.7005137503778,13236,343,2.5914173466304,15156,1414,9.3296384270256,786,5.18606492478226,1660,10.9527579836368,456,3.00870942201108,352,2.32251253628926,901,5.94484032726313,5569,36.7445236210082,0,25898,58.9091448050986,BLACK
60613,NO,5786,ZCTA5 60613,50761,2726,3159,14036,16095,5260,4581,2657,1307,940,45071.3333333333,88.7912636341548,4904,9.66096018596954,2985,3491,5645,13687,37074,5.88049880814011,6.87732708181478,11.1207423021611,26.9636137979945,73.0363862020055,35570,17705,49.7750913691313,1255,3.52825414675288,39285,1404,3020,34861,0.0357388316151203,0.0768741249840906,0.887387043400789,50462,5157,10.2195711624589,50504,3665,7.2568509424996,27072,1578,5.82890070921986,40382,5172,12.8076865930365,27072,570,2.10549645390071,29884,26926,17425,90.1017266764824,58.3087940034801,27072,9371,34.6151004728132,16209,59.873670212766,589,0,0,27072,8223,5.3302304964539,0,50504,2611,5.1698875336607,27072,1582,5.84367612293144,2996,11.0667848699764,806,2.97724586288416,27072,2072,7.65366430260047,27072,1249,4.61362293144208,35874,1186,3.30601549868986,1288,3.59034398171378,2785,7.76328260021185,420,1.17076434186319,681,1.89831075430674,1007,2.80704688632436,7367,20.5357640631098,0,44876,73.0363862020055,WHITE
60604,NO,5784,ZCTA5 60604,823,10,26,325,185,68,137,39,33,0,793.333333333333,96.3953017415958,72,8.74848116646416,41,240,28,309,514,4.98177399756987,29.1616038882139,3.40218712029162,37.5455650060753,62.4544349939247,551,104,18.8747731397459,5,0.907441016333938,589,0,0,589,0,0,1,823,171,20.7776427703524,823,40,4.86026731470231,501,0,0,722,104,14.404432132964,501,16,3.1936127744511,578,578,571,100,98.7889273356401,501,258,51.497005988024,356,71.0578842315369,130,2,1.53846153846154,501,117,1.99600798403194,0,823,4,0.486026731470231,501,0,0,23,4.59081836327346,0,0,501,0,0,501,23,4.59081836327345,554,0,0,0,0,40,7.22021660649819,0,0,4,0.72202166064982,0,0,44,7.94223826714801,0,787,62.4544349939247,WHITE
60616,NO,19170,ZCTA5 60616,54197,2095,5734,11557,12434,7365,6376,4887,2282,1467,46747,86.2538516892079,8636,15.9344613170471,12694,21379,4569,39779,14418,23.4219606251269,39.4468328505268,8.43035592375962,73.3970514973153,26.6029485026846,27430,7832,28.5526795479402,1139,4.15238789646373,40977,6840,7890,26247,0.166922907972765,0.19254703858262,0.640530053444615,51476,11916,23.1486517988966,53341,5263,9.86670666091749,24569,4478,18.2262200333754,38553,6765,17.547272585791,24569,325,1.32280516097521,26362,22417,14867,85.0352780517411,56.3955693801684,24569,7603,30.9455004273678,15350,62.4771052952908,93,0,0,24569,9014,8.08742724571615,0,53341,3989,7.47829999437581,24569,2888,11.754650168912,6238,25.3897187512719,1965,7.99788351174244,24569,3424,13.9362611420896,24569,4114,16.7446782530832,28206,2402,8.51591859887967,2385,8.45564773452457,3133,11.107565766149,582,2.06339076792172,557,1.9747571438701,1272,4.50967879174644,10331,36.6269588030915,0,46368,39.4468328505268,ASIAN
